-0.015698201599999996	-0.0728953228	1.03037584
-0.0391307592	-0.0706248172	1.0314622800000002
-0.584627432	-0.06735334199999998	0.8701003159999999
-0.8800245680000001	-0.05951156640000001	0.5761435399999999
-0.9931077760000001	-0.056940774	0.344574288
-1.0469697999999998	-0.05297593800000001	0.03437491039999999
-0.0493211636	0.0175121608	1.03207016
0.5106309960000001	0.001154782204	0.8655544479999999
0.772185548	0.00603269936	0.610208432
0.9071022040000001	0.013227504800000001	0.339159304
0.9553930360000003	0.0153759372	0.05344468679999999
-0.0895017244	-0.052138538	1.0310569200000002
-0.09460424960000001	0.31856608799999997	0.9735766159999997
-0.06259016919999999	0.5998348959999998	0.8187210440000001
-0.13139858000000001	0.829985704	0.5569931920000001
-0.188097664	0.9630981119999998	0.16823932399999997
-0.0895432284	-0.004799792359999999	-0.9766064160000001
-0.0646946564	-0.6164559400000001	-0.7782426560000002
-0.08932106	-0.31215495199999993	-0.9330713440000001
-0.0159814036	-0.860080816	-0.516058232
-0.000556639196	-0.987123976	-0.22496524000000004
0.009663060920000001	-1.0180126	0.0120141292
-0.25761408799999996	-0.8427835520000002	-0.50000602
-0.08267313040000002	-0.8756007400000001	0.543594808
-0.051223012400000004	-0.039870504	-0.9765917640000003
0.547842812	-0.04011952640000001	-0.778486792
0.267216108	-0.038254297599999994	-0.9245508439999998
0.7206744079999998	-0.04446765880000001	-0.615718656
0.8673024879999999	-0.04966295960000001	-0.38081444799999997
0.9559985000000004	-0.0605955488	0.025192806400000007
-0.0015454062	0.0017309525960000002	-0.975146452
-0.13278773600000002	0.521243768	-0.813179064
-0.263241512	0.7635478480000001	-0.5628403719999999
-0.041347551200000006	0.37350978800000006	-0.8972584520000002
-0.0018481397959999996	0.22844180800000002	-0.9444897160000001
-0.0238427116	0.6759406640000001	-0.695808736
-0.09010475119999999	0.8138992640000001	-0.52889266
-0.019753368399999995	0.9606762280000001	-0.18088332399999998
-0.0207128388	0.921684624	-0.316832684
-0.041735734000000003	0.9828954639999999	0.043012585199999995
-0.036899319599999994	0.04344471120000001	-0.9746484
-0.34314852799999995	0.040234272	-0.932358456
-0.6876080680000001	0.0407152284	-0.7439434079999998
-0.574683572	0.0410936448	-0.8256155839999998
-0.4694372679999999	0.042873426000000006	-0.8823854080000002
-0.48557006	0.04171864359999999	-0.8752174439999999
-0.36392729199999996	0.04641101400000001	-0.9242383439999999
-0.296554416	0.045876347600000006	-0.944086888
-0.6118685880000001	0.04101063679999999	-0.8020633960000001
-0.851806888	0.04102040320000001	-0.5696469879999998
-0.8947828800000001	0.0395995084	-0.5071056
-0.9234033799999999	0.037853908400000004	-0.4580042279999999
-0.9611425399999999	0.0348827224	-0.38123193200000005
-1.00590068	0.031450114	-0.25939874799999996
-1.04492164	0.024926693600000004	-0.03384024439999999
0.044721564000000005	-1.0144236	0.06772687720000001
0.37281888	-0.9289942040000001	0.06460188359999999
0.954772904	-0.022289982000000003	0.0947116704
0.9298901880000002	-0.24416931199999997	0.09647436240000001
0.9505077799999999	-0.11788055600000004	0.0880954748
0.9464916599999996	-0.149755476	0.08838844239999999
0.9125343440000002	-0.311527516	0.08649635679999998
0.8670803199999998	-0.434317744	0.001015622408
0.33948645600000005	-0.9431103200000003	0.06524397159999999
0.052829454399999996	-1.01467028	0.05294420080000002
-0.315384936	-0.9697509479999998	0.16946001199999997
-0.33918860400000006	-0.9710546480000001	0.08455300919999999
-0.415850992	-0.9443969440000001	0.06722883080000001
-0.568128448	-0.8691457440000001	0.0232348044
-0.8720094839999999	-0.578233376	0.05039293839999999
-0.9550561199999998	-0.432569708	0.04861071479999999
-0.9967039719999998	-0.324432756	0.0535032812
-1.0462668799999997	-0.0135058236	0.0663523668
-0.9703783800000001	0.371156276	0.05781967720000001
-0.8357596160000001	0.5968075559999999	0.0845652164
-0.550176788	0.8488357440000001	0.04222889639999999
-0.6024569719999999	0.8163113720000001	0.040253804399999996
-0.5637217079999999	0.8408377479999999	0.035368562799999996
-0.261300596	0.95992672	0.0497435248
-0.215036088	0.9674486880000001	0.07892802080000001
-0.016872514400000004	0.9814086560000002	0.059963226800000005
0.585120588	0.7553105759999998	0.07826396079999999
0.954838832	-0.026506279599999995	0.0891599272
0.877651524	0.36350248	0.06468000759999999
0.9557861000000001	-0.016108356799999998	-0.006020492360000001
0.949272424	-0.13724818400000002	-0.010473605759999999
0.9467577759999999	-0.16092488800000002	-0.001235348392
0.8733888399999999	-0.40454972799999994	-0.08193094320000002
0.813020368	-0.52317246	-0.0908859988
0.7064752440000003	-0.6803889200000001	-0.028571702799999998
0.856655512	-0.45720344	-0.006218245799999999
0.41207904399999995	-0.9081422360000001	-0.0311644696
0.402076592	-0.9137452719999999	-0.031481852399999996
0.723950764	-0.6606843679999999	-0.029540940399999997
0.7888896	-0.573853492	-0.015095176000000002
0.8666848120000001	-0.43644418799999996	0.0023315369599999996
0.9500951639999999	-0.136469376	0.0009301734000000002
0.0639060832	-1.0120945600000002	-0.0292137936
-1.04580052	-0.030458905999999997	-0.029377365599999997
-0.977226524	-0.37554348	-0.03682607920000001
-0.9283301320000003	-0.482457256	-0.04079335239999999
-0.8084427279999999	-0.65736406	-0.05805893399999999
-0.7515801280000001	-0.7122271480000001	-0.11069308
-1.00027822	-0.309735516	-0.0347753004
-0.9698998799999998	-0.39392721199999997	-0.0372679724
-0.48381711999999993	0.8832643080000002	0.055554056800000015
-0.16478229200000002	0.9752929239999999	0.0585838356
0.0010156224	0.9799731159999999	-0.00949948816
0.9567162600000003	-0.03281241360000001	0.0562474148
0.8514211399999999	-0.46787234000000005	0.021657660000000002
-0.3017155440000001	-0.9338428239999998	-0.284474364
-0.09590551479999998	-0.629380708	0.8201321840000003
-0.718337992	0.017529252000000002	0.767800776
0.204071744	-0.42212542	-0.8565554199999998
-0.028434986799999996	0.869416748	-0.43419568
-0.7047198760000001	0.702295548	0.255858708
-1.0264744	-0.13714319200000002	-0.13514614000000003
-0.9765819960000002	-0.34577546	-0.13568812
-0.8585671399999998	0.5446885640000001	-0.14744348
-0.257711732	0.3763930839999999	0.9262280759999999
0.7446196719999999	-0.16248004799999996	0.633968108
0.462847936	-0.11360811200000002	-0.830293304
0.09611791679999998	-0.032194740400000005	-0.9656029840000001
-0.11598360399999999	0.5453159959999999	-0.7989750440000001
0.24758481200000002	-0.23533142400000004	0.9659887319999999
0.76544238	0.14343225199999998	-0.533765708
0.4285560360000001	-0.8821510320000001	-0.155631928
0.3081950119999999	-0.8335428319999998	0.49285518399999995
-0.24878840800000002	-0.10672092	-0.952587856
-0.635950524	-0.062565754	0.835159024
0.08197977080000002	-0.24921322399999998	0.997641476
-0.36928859599999986	0.8743800319999999	0.3471670639999999
-0.9555126599999998	0.4055018840000001	0.0147143176
